[soe][Equalizer#0]
inputGain=-4
numBands=14

[soe][Equalizer#0#left]
band0Frequency=26.37893706954064
band0Mode=6
band0Q=2.067659296679677
band0Type=0
band10Frequency=3500
band10Gain=-1
band10Mode=6
band10Q=1.2
band10Type=3
band11Frequency=7000
band11Gain=-1.5
band11Mode=6
band11Q=0.7
band11Type=3
band12Frequency=9832.996016900259
band12Mode=6
band12Q=2.067659296679677
band12Type=0
band13Frequency=16105.402296585311
band13Mode=6
band13Q=2.0676592966796767
band13Type=0
band14Type=0
band15Type=0
band16Type=0
band17Type=0
band18Type=0
band19Type=0
band1Frequency=43.2058950223379
band1Mode=6
band1Q=2.067659296679677
band1Type=0
band20Type=0
band21Type=0
band22Type=0
band23Type=0
band24Type=0
band25Type=0
band26Type=0
band27Type=0
band28Type=0
band29Type=0
band2Frequency=60
band2Mode=6
band2Q=1.2
band2Slope=1
band2Type=2
band30Type=0
band31Type=0
band3Frequency=90
band3Gain=3
band3Mode=6
band3Q=0.7
band3Type=0
band4Frequency=140
band4Gain=-2.5
band4Mode=6
band4Q=1
band5Frequency=310.9466363676836
band5Mode=6
band5Q=2.0676592966796767
band5Type=0
band6Frequency=509.2975389051627
band6Mode=6
band6Q=2.0676592966796767
band6Type=0
band7Frequency=834.1752339399586
band7Mode=6
band7Q=2.067659296679677
band7Type=0
band8Frequency=1366.2903661671924
band8Mode=6
band8Q=2.067659296679677
band8Type=0
band9Frequency=2237.8383926172082
band9Mode=6
band9Q=2.07
band9Type=0

[soe][Equalizer#0#right]
band0Frequency=26.37893706954064
band0Mode=6
band0Q=2.067659296679677
band0Type=0
band10Frequency=3500
band10Gain=-1
band10Mode=6
band10Q=1.2
band10Type=3
band11Frequency=7000
band11Gain=-1.5
band11Mode=6
band11Q=0.7
band11Type=3
band12Frequency=9832.996016900259
band12Mode=6
band12Q=2.067659296679677
band12Type=0
band13Frequency=16105.402296585311
band13Mode=6
band13Q=2.0676592966796767
band13Type=0
band14Type=0
band15Type=0
band16Type=0
band17Type=0
band18Type=0
band19Type=0
band1Frequency=43.2058950223379
band1Mode=6
band1Q=2.067659296679677
band1Type=0
band20Type=0
band21Type=0
band22Type=0
band23Type=0
band24Type=0
band25Type=0
band26Type=0
band27Type=0
band28Type=0
band29Type=0
band2Frequency=60
band2Mode=6
band2Q=1.2
band2Slope=1
band2Type=2
band30Type=0
band31Type=0
band3Frequency=90
band3Gain=3
band3Mode=6
band3Q=0.7
band3Type=0
band4Frequency=140
band4Gain=-2.5
band4Mode=6
band4Q=1
band5Frequency=310.9466363676836
band5Mode=6
band5Q=2.0676592966796767
band5Type=0
band6Frequency=509.2975389051627
band6Mode=6
band6Q=2.0676592966796767
band6Type=0
band7Frequency=834.1752339399586
band7Mode=6
band7Q=2.067659296679677
band7Type=0
band8Frequency=1366.2903661671924
band8Mode=6
band8Q=2.067659296679677
band8Type=0
band9Frequency=2237.8383926172082
band9Mode=6
band9Q=2.07
band9Type=0
